              G    AB    R    H  2B  3B  HR  RBI   BB IBB   SO HBP  SH  SF  XI ROE GDP   SB  CS   AVG   OBP   SLG   BFW 
Alfredo Aceves     11     0    0    0   0   0   0    0    0   0    0   0   0   0   0   0   0    0   0     -     -     -   0.0 
Andrew Bailey      30     0    0    0   0   0   0    0    0   0    0   0   0   0   0   0   0    0   0     -     -     -   0.0 
Daniel Bard         2     0    0    0   0   0   0    0    0   0    0   0   0   0   0   0   0    0   0     -     -     -   0.0 
Pedro Beato        10     0    0    0   0   0   0    0    0   0    0   0   0   0   0   0   0    0   0     -     -     -   0.0 
Quintin Berry      13     8    5    5   0   0   1    4    1   0    2   0   0   0   0   0   0    3   0  .625  .667 1.000   0.3 
Xander Bogaerts    18    44    7   11   2   0   1    5    5   0   13   0   0   1   0   3   1    1   0  .250  .320  .364   0.1 
Jackie Bradley     37    95   18   18   5   0   3   10   10   0   31   2   0   0   0   2   1    2   0  .189  .280  .337  -0.5 
Craig Breslow      61     0    0    0   0   0   0    0    0   0    0   0   0   0   0   0   0    0   0     -     -     -   0.0 
Drake Britton      19     0    1    0   0   0   0    0    0   0    0   0   0   0   0   0   0    0   0     -     -     -   0.0 
Clay Buchholz      16     0    0    0   0   0   0    0    0   0    0   0   0   0   0   0   0    0   0     -     -     -   0.0 
Mike Carp          86   216   34   64  18   2   9   43   22   0   67   2   0   3   0   1   3    1   0  .296  .362  .523   0.5 
Pedro Ciriaco      28    51    4   11   2   1   1    4    6   0   12   0   0   1   0   1   0    2   1  .216  .293  .353  -0.7 
Rubby de la Rosa   11     0    0    0   0   0   0    0    0   0    0   0   0   0   0   0   0    0   0     -     -     -   0.0 
Jose de la Torre    7     0    0    0   0   0   0    0    0   0    0   0   0   0   0   0   0    0   0     -     -     -   0.0 
Ryan Dempster      32     0    0    0   0   0   0    0    0   0    0   0   0   0   0   0   0    0   0     -     -     -   0.0 
Jonathan Diaz       5     4    2    0   0   0   0    0    0   0    0   0   0   0   0   0   0    0   0  .000  .000  .000  -0.1 
Felix Doubront     29     3    0    0   0   0   0    0    0   0    1   0   1   0   0   0   0    0   0  .000  .000  .000   0.0 
Stephen Drew      124   442   57  112  29   8  13   67   54   3  124   1   0   4   0   3   9    6   0  .253  .333  .443   2.3 
Jacoby Ellsbury   134   577   92  172  31   8   9   53   47   3   92   5   1   2 <B>  4</B>   7  12 <B>  52</B>   4  .298  .355  .426   2.0 
Jonny Gomes       116   312   49   77  17   0  13   52   43   3   89   6   0   5   0   1   6    1   0  .247  .344  .426   0.0 
Joel Hanrahan       9     0    0    0   0   0   0    0    0   0    0   0   0   0   0   0   0    0   0     -     -     -   0.0 
Brock Holt         26    59    9   12   2   0   0   11    7   0    4   0   3   3   0   1   0    1   0  .203  .275  .237  -0.6 
Jose Iglesias      63   215   27   71  10   2   1   19   11   0   30   6   0   2   0   2   4    3   1  .330  .376  .409   0.5 
John Lackey        29     5    0    0   0   0   0    0    0   0    3   0   1   0   0   0   0    0   0  .000  .000  .000   0.0 
Ryan Lavarnway     25    77    8   23   7   0   1   14    2   0   17   2   0   1   0   0   3    0   0  .299  .329  .429  -0.8 
Jon Lester         33     6    0    0   0   0   0    0    0   0    4   0   1   0   0   0   0    0   0  .000  .000  .000   0.0 
John McDonald       6     8    1    2   0   0   0    0    1   0    3   0   0   0   0   0   0    0   0  .250  .333  .250  -0.1 
W. Middlebrooks    94   348   41   79  18   0  17   49   20   3   98   2   1   3   0   3  13    3   1  .227  .271  .425  -1.1 
Andrew Miller      37     0    0    0   0   0   0    0    0   0    0   0   0   0   0   0   0    0   0     -     -     -   0.0 
Franklin Morales   20     2    0    0   0   0   0    0    0   0    2   0   0   0   0   0   0    0   0  .000  .000  .000   0.0 
C. Mortensen       24     1    0    0   0   0   0    0    0   0    1   0   0   0   0   0   0    0   0  .000  .000  .000   0.0 
Mike Napoli       139   498   79  129  38   2  23   92   73   3  187   6   0   1   0   0  15    1   1  .259  .360  .482   1.5 
Daniel Nava       134   458   77  139  29   0  12   66   51   2   93  15   4   8   0   6  10    0   2  .303  .385  .445   0.7 
David Ortiz       137   518   84  160  38   2  30  103   76 <B> 27</B>   88   1   0   5   0   6  21    4   0  .309  .395  .564   3.7 
Jake Peavy         10     9    1    1   1   0   0    0    0   0    0   0   0   0   0   0   0    0   0  .111  .111  .222   0.0 
Dustin Pedroia    160   641   91  193  42   2   9   84   73   4   75   3   0   7   0  11  24   17   5  .301  .372  .415   2.2 
David Ross         36   102   11   22   5   0   4   10   11   0   42   1   2   0   0   0   3    1   0  .216  .298  .382   0.0 
J. Saltalamacchia  121   425   68  116  40   0  14   65   43   3  139   0   0   2   0   2   7    4   1  .273  .338  .466   0.1 
Brandon Snyder     27    50    5    9   3   0   2    7    0   0   16   2   0   0   0   0   0    0   0  .180  .212  .360  -0.2 
Junichi Tazawa     71     0    0    0   0   0   0    0    0   0    0   0   0   0   0   0   0    0   0     -     -     -   0.0 
Matt Thornton      20     0    0    0   0   0   0    0    0   0    0   0   0   0   0   0   0    0   0     -     -     -   0.0 
Koji Uehara        73     0    0    0   0   0   0    0    0   0    0   0   0   0   0   0   0    0   0     -     -     -   0.0 
Shane Victorino   122   477   82  140  26   2  15   61   25   0   75 <B> 18</B>  10   2   0   6   5   21   3  .294  .351  .451   2.6 
B. Villarreal       1     0    0    0   0   0   0    0    0   0    0   0   0   0   0   0   0    0   0     -     -     -   0.0 
Allen Webster       8     0    0    0   0   0   0    0    0   0    0   0   0   0   0   0   0    0   0     -     -     -   0.0 
Alex Wilson        26     0    0    0   0   0   0    0    0   0    0   0   0   0   0   0   0    0   0     -     -     -   0.0 
Brandon Workman    20     0    0    0   0   0   0    0    0   0    0   0   0   0   0   0   0    0   0     -     -     -   0.0 
Steven Wright       4     0    0    0   0   0   0    0    0   0    0   0   0   0   0   0   0    0   0     -     -     -   0.0 
