              G  GS  CG SHO  GF  SV   IP      H   BFP  HR    R   ER   BB  IB   SO  SH  SF  WP HBP  BK  2B  3B GDP ROE   W   L    ERA    RS    PW 
Alfredo Aceves     11   6   0   0   3   0   37     42   169   8   21   20   22   0   24   0   1   0   0 <B>  2</B>  10   1   4   2   4   1   4.86  4.00  -0.3 
Andrew Bailey      30   0   0   0  17   8   28.2   23   116   7   12   12   12   0   39   1   0   0   0   0   3   0   3   0   3   1   3.77     -   0.3 
Daniel Bard         2   0   0   0   1   0    1      1     6   0    1    1    2   0    1   0   0   0   0   0   0   0   0   0   0   0   9.00     -   0.0 
Pedro Beato        10   0   0   0   5   0   10     12    46   1    5    4    2   0    5   0   0   0   1   0   1   0   0   2   1   1   3.60     -   0.0 
Craig Breslow      61   0   0   0  13   0   59.2   49   237   3   16   12   18   0   33   0   2   2   2   0  16   0   7   2   5   2   1.81     -   1.5 
Drake Britton      18   0   0   0   7   0   21     21    84   1    9    9    7   1   17   0   2   0   0   0   3   1   3   0   1   1   3.86     -   0.1 
Clay Buchholz      16  16   1   1   0   0  108.1   75   416   4   23   21   36   0   96   1   2   1   1   0  15   1  14   0  12   1   1.74  5.50   3.5 
Rubby de la Rosa   11   0   0   0   7   0   11.1   15    53   2    7    7    2   0    6   0   0   1   3   0   3   0   1   1   0   2   5.56     -  -0.2 
Jose de la Torre    7   0   0   0   5   0   11.1   10    53   2    8    8   10   0   15   0   1   0   1   0   3   0   1   0   0   0   6.35     -  -0.1 
Ryan Dempster      32  29   0   0   1   0  171.1  170   754  26   97   87   79   1  157   1   4   9   6   1  37   2  16   5   8   9   4.57  6.07  -0.8 
Felix Doubront     29  27   0   0   0   0  162.1  161   705  13   84   78   71   0  139   3  10   8   5   0  33   4  16   8  11   6   4.32  5.74  -0.4 
Joel Hanrahan       9   0   0   0   6   4    7.1   10    37   4    8    8    6   0    5   1   0   1   0   0   1   0   1   0   0   1   9.82     -  -0.8 
John Lackey        29  29   2   0   0   0  189.1  179   778  26   80   74   40   0  161   3   3   4   6   0  37   3   9   5  10  13   3.52  3.76   1.5 
Jon Lester         33  33   1   1   0   0  213.1  209   903  19   94   89   67   0  177   1   1   5   7   0  52   2  20  10  15   8   3.75  4.88   0.8 
Andrew Miller      37   0   0   0  11   0   30.2   25   135   3   12    9   17   0   48   1   0   2   2   0   0   0   2   3   1   2   2.64     -   0.3 
Franklin Morales   20   1   0   0   3   0   25.1   24   112   2   13   13   15   2   21   0   0   3   3   0   4   0   3   1   2   2   4.62  9.00  -0.1 
C. Mortensen       24   0   0   0   7   0   30.1   32   141   3   19   18   16   1   21   1   1   1   3   0   4   0   1   1   1   2   5.34     -  -0.3 
Jake Peavy         10  10   1   0   0   0   64.2   56   266   6   29   29   19   0   45   1   1   0   1   1  12   3   1   0   4   1   4.04  5.90   0.1 
Junichi Tazawa     71   0   0   0  10   0   68.1   70   284   9   25   24   12   1   72   2   5   3   1   1  13   4   2   1   5   4   3.16     -   0.9 
Matt Thornton      20   0   0   0   3   0   15.1   22    71   0    6    6    5   0    9   2   1   1   0   0   1   0   2   0   0   1   3.52     -   0.1 
Koji Uehara        73   0   0   0  40  21   74.1   33   265   5   10    9    9   2  101   1   1   1   1   0  10   1   1   1   4   1   1.09     -   2.7 
B. Villarreal       1   0   0   0   1   0    0      0     1   0    0    0    1   0    0   0   0   0   0   0   0   0   0   0   0   0      -     -   0.0 
Allen Webster       8   7   0   0   1   0   30.1   37   145   7   30   29   18   0   23   0   5   1   2   0   6   0   1   1   1   2   8.60  6.71  -1.2 
Alex Wilson        26   0   0   0   9   0   27.2   34   127   0   16   15   14   1   22   0   1   1   1   0   8   3   6   2   1   1   4.88     -  -0.1 
Brandon Workman    20   3   0   0   5   0   41.2   44   180   5   23   23   15   1   47   2   1   1   0   0   7   1   1   0   6   3   4.97  3.33  -0.6 
Steven Wright       4   1   0   0   2   0   13.1   12    59   0    8    8    9   0   10   0   0   2   1   0   2   0   3   1   2   0   5.40 15.00  -0.2 
